149.016 87.9924 149.3 50.9946
155 48.9808 358 49.0388
360.586 50.9899 361.191 85.9967
357 51.0196 155 50.9903
359.26 88.0098 358.795 53.0027
151.057 53 151.057 87
254.033 209 253.984 93
252 66 252 76
154 88.9902 357 88.9902
359.002 90.9292 153 91.0323
256 92 256 208
139.205 269.737 159.242 209.08
161 208.979 370 209.03
368 210.982 159 211.037
349.12 269.376 368.329 212.11
142 269 347 269
160.177 213.059 141.887 267.962
369.511 215.171 350.735 271.246
256.022 273 255.955 359.001
152.514 402.217 254.14 359.332
151 400.981 50.9994 401.039
51 403 51 709
349 270.974 142 271.036
254 358 254 272
255.886 359.273 353.517 400.154
355 399 509 399
254.163 361.387 162.899 399.761
347.094 399.777 255.002 360.994
51 399 160 399
49 709 49 400
509 401.036 350 400.963
509 517 509 403
255.852 441.353 160.001 400.998
350.071 401.168 257.112 440.266
164.171 400.593 253.019 437.954
256.986 437.967 344.986 400.966
511 401 511 517
401 518.992 611 519.018
611 521 611 599
399 599 399 521
401 521 401 599
609 521 402 521
609 599 609 522
402 599 608 599
506 601 506 669
609 601 401 601
504 669 504 602
251 669 503 669
256 671 256 819
509 671 257 671
254 819 254 672
52 709 253 709
253 711 51 711
171 819 359 819
149.192 909.043 169.02 820.004
170.833 820.963 151.095 909.245
359 821 172 821
360.824 820.961 340.689 911.154
256.022 913 255.955 999.001
151.999 999.075 254 998.963
149.016 1037.99 149.3 1000.99
339.1 909.246 358.611 821.913
152 909 337 909
339 910.97 151 911.041
254 998 254 912
256 998.963 358.001 999.075
360.586 1000.99 361.191 1036
357 1001.02 155 1000.99
359.26 1038.01 358.795 1003
151.057 1003 151.057 1037
358 1040.97 153 1041
245.996 1017.36 257.006 1017.48
154 1038.99 357 1038.99
